%YAML:1.0
---
Camera matrix: !!opencv-matrix
   rows: 3
   cols: 3
   dt: d
   data: [ 1.4874629929566374e+03, 0., 9.9528675541096163e+02, 0.,
       1.1118734074935189e+03, 4.7453829301709123e+02, 0., 0., 1. ]
