%YAML:1.0
---
Camera matrix: !!opencv-matrix
   rows: 3
   cols: 3
   dt: d
   data: [ 1.6397234068141306e+03, 0., 9.1963824661579713e+02, 0.,
       1.2327856292457543e+03, 5.7782186767087239e+02, 0., 0., 1. ]
