%YAML:1.0
---
Distorsion coefficients: !!opencv-matrix
   rows: 1
   cols: 5
   dt: d
   data: [ 2.2540458341037569e-02, -2.5599224599294484e-01,
       -2.7877203511163393e-02, 8.1011119115479147e-03,
       5.5998847992385518e-02 ]
