%YAML:1.0
---
Distorsion coefficients: !!opencv-matrix
   rows: 1
   cols: 5
   dt: d
   data: [ -2.9154757755820670e-02, 5.8241701974653015e-01,
       2.3764148646330356e-03, -7.2906105339071003e-03,
       -2.5166248513894978e+00 ]
