%YAML:1.0
---
Inverse rotation matrix: !!opencv-matrix
   rows: 3
   cols: 3
   dt: d
   data: [ -1.3720059534952278e-01, -2.3272132068213765e-02,
       9.9026986448378629e-01, 9.9053960187432111e-01,
       -5.9491476071125747e-03, 1.3709815739611766e-01,
       2.7006951694584385e-03, 9.9971146612997719e-01,
       2.3868195027133433e-02 ]
...
---
Translation vector: !!opencv-matrix
   rows: 3
   cols: 1
   dt: d
   data: [ 2.4467675230468425e-01, 3.4881049308617190e-01,
       -4.8596892959036569e-01 ]
