%YAML:1.0
---
Inverse rotation matrix: !!opencv-matrix
   rows: 3
   cols: 3
   dt: d
   data: [ -1.5427745155488736e-02, -3.0511026148981407e-01,
       9.5219205678950869e-01, -9.9986721019328884e-01,
       -2.9110260698484320e-04, -1.6293472299106569e-02,
       5.2484911838392122e-03, -9.5231698692866429e-01,
       -3.0506525490033065e-01 ]
...
---
Translation vector: !!opencv-matrix
   rows: 3
   cols: 1
   dt: d
   data: [ -4.0469211902110558e-02, 9.7336161317569214e-01,
       3.9602040299568997e-01 ]
