%YAML:1.0
---
Rvecs: !!opencv-matrix
   rows: 11
   cols: 1
   dt: "3d"
   data: [ -2.6054949126037219e-01, -2.0524476360409644e-01,
       2.9579908946260085e+00, -9.4372434148082363e-01,
       -2.2175393142322924e-01, -2.9894622504449964e+00,
       1.3348836407775140e+00, 2.7665322336257059e-01,
       2.7923507574107926e+00, 1.2040770946754860e+00,
       2.0533854834985604e-01, 2.8648623756586882e+00,
       -7.7823994925321438e-01, 1.9234366534037370e-01,
       -3.0381992607130912e+00, 4.4698493099096331e-01,
       -7.0502092082836720e-01, 3.0145590318213404e+00,
       -3.2385797349561601e-01, 1.2902906821758049e+00,
       -2.8040348503520507e+00, -5.5473358769401036e-02,
       1.4322606043090096e+00, -2.7590637333697225e+00,
       -8.9247632687728229e-01, -1.0489985891412195e+00,
       2.8336072715271436e+00, -1.2713169838949128e+00,
       -8.4992680686800581e-01, 2.6907075208840556e+00,
       -1.4311740908657200e+00, -6.4708478221902055e-01,
       2.5201347829372165e+00 ]
