%YAML:1.0
---
Rvecs: !!opencv-matrix
   rows: 11
   cols: 1
   dt: "3d"
   data: [ -6.2787209839613237e-02, -2.1076782844797573e-01,
       -8.4982695032100500e-02, -5.8675011872181791e-02,
       -3.0378132219166643e-01, -8.6278519593305583e-02,
       -9.2926704588365064e-02, -1.5365853229487447e-01,
       -3.4128653601887660e-02, -3.0133791369693626e-02,
       -1.3791494433020884e-01, -3.5719943876877805e-03,
       -5.5804424585625843e-03, -1.5235487458478023e-01,
       3.1220429130612570e-02, -1.3746774373130849e-02,
       2.4616926080313584e-01, -1.7173457243569976e-01,
       1.2790015444330513e-01, 8.8683129679118386e-02,
       -3.8889740808235741e-02, 1.5914255536880510e-03,
       -8.3114722219466891e-02, -1.6244930648623524e-02,
       -1.5431468789153152e-01, -1.0243423374068267e-01,
       1.7022342487651645e-01, -1.8903187579831701e-01,
       -7.4351107111907261e-02, -1.1075323702452506e-02,
       -1.5881914765235888e-01, -1.5386323780297895e-01,
       2.1176484130694746e-03 ]
