%YAML:1.0
---
Tvecs: !!opencv-matrix
   rows: 11
   cols: 1
   dt: "3d"
   data: [ -1.1960948524949201e-02, -3.8274855581814149e-02,
       5.0818269433267582e-01, 6.9678408338838760e-02,
       -1.6656454594313078e-04, 4.8358280261738396e-01,
       5.2454079811166364e-02, -6.1009521881866136e-03,
       4.5570617031699823e-01, 6.1434145663658860e-02,
       2.6951437949598639e-04, 4.6361677094549453e-01,
       6.5993070434837917e-02, 1.3667488093013441e-03,
       5.0955931317495562e-01, 7.0472872539564940e-02,
       -1.6805289601625004e-02, 5.2613070337149359e-01,
       7.9077514393355433e-02, -3.3840374394748608e-02,
       5.4887873373988172e-01, 7.6806735957090172e-02,
       -4.0303992816890358e-02, 5.7103734869012290e-01,
       7.5935187802352214e-02, -5.7430137004731367e-02,
       6.1725031400124408e-01, 6.0463800047679976e-02,
       -6.3830263901439685e-02, 6.3674751672249985e-01,
       5.7489564019318172e-02, -7.6411805053185219e-02,
       6.4969334809038182e-01 ]
