%YAML:1.0
---
Tvecs: !!opencv-matrix
   rows: 11
   cols: 1
   dt: "3d"
   data: [ -1.0872377976537664e-01, -4.6023226742577972e-02,
       2.7509879622278949e-01, -7.4204446579336628e-02,
       -7.6092777407789511e-02, 2.4491850170711577e-01,
       -7.0786521972477284e-02, -7.6290183724030916e-02,
       3.8177116379282794e-01, -2.3557218494067399e-02,
       -7.7594216722142048e-02, 3.5589209655370396e-01,
       -4.1159174335078319e-02, -9.5372943718945405e-02,
       3.3469157820721457e-01, -1.5194309918181850e-01,
       -1.3354692335544155e-01, 7.1381527134629263e-01,
       -3.9306692174428531e-01, -3.6145346734303463e-01,
       1.1815204903528156e+00, -9.5028570052963404e-02,
       -1.3479935261952822e-01, 4.5293779999512884e-01,
       -1.1786586792851493e-01, -1.2542753338395873e-01,
       3.8557681767546914e-01, -4.5539943490827600e-02,
       -7.8684990244813596e-02, 3.4345197124838334e-01,
       -3.0752153532060938e-02, -6.6457935994057082e-02,
       3.3366366747770970e-01 ]
